_あいうえお.wav=あ,0,0,-0,0,0
_あいうえお.wav=い,0,0,-0,0,0
_あいうえお.wav=う,0,0,-0,0,0
_あいうえお.wav=え,0,0,-0,0,0
_あいうえお.wav=お,0,0,-0,0,0
_あいうえおあ.wav=a い,0,0,-0,0,0
_あいうえおあ.wav=a y,0,0,-0,0,0
_あいうえおあ.wav=i う,0,0,-0,0,0
_あいうえおあ.wav=i w,0,0,-0,0,0
_あいうえおあ.wav=u え,0,0,-0,0,0
_あいうえおあ.wav=e お,0,0,-0,0,0
_あいうえおあ.wav=o あ,0,0,-0,0,0
_あうおいえあ.wav=a う,0,0,-0,0,0
_あうおいえあ.wav=a w,0,0,-0,0,0
_あうおいえあ.wav=u お,0,0,-0,0,0
_あうおいえあ.wav=o い,0,0,-0,0,0
_あうおいえあ.wav=o y,0,0,-0,0,0
_あうおいえあ.wav=i え,0,0,-0,0,0
_あうおいえあ.wav=e あ,0,0,-0,0,0
_あえいおうあ.wav=a え,0,0,-0,0,0
_あえいおうあ.wav=e い,0,0,-0,0,0
_あえいおうあ.wav=e y,0,0,-0,0,0
_あえいおうあ.wav=i お,0,0,-0,0,0
_あえいおうあ.wav=o う,0,0,-0,0,0
_あえいおうあ.wav=o w,0,0,-0,0,0
_あえいおうあ.wav=u あ,0,0,-0,0,0
_あおえういあ.wav=a お,0,0,-0,0,0
_あおえういあ.wav=o え,0,0,-0,0,0
_あおえういあ.wav=e う,0,0,-0,0,0
_あおえういあ.wav=e w,0,0,-0,0,0
_あおえういあ.wav=u い,0,0,-0,0,0
_あおえういあ.wav=u y,0,0,-0,0,0
_あおえういあ.wav=i あ,0,0,-0,0,0
_きゃきゅきぇきょ.wav=きゃ,0,0,-0,0,0
_きゃきゅきぇきょ.wav=きゅ,0,0,-0,0,0
_きゃきゅきぇきょ.wav=きぇ,0,0,-0,0,0
_きゃきゅきぇきょ.wav=きょ,0,0,-0,0,0
_ぎゃぎゅぎぇぎょ.wav=ぎゃ,0,0,-0,0,0
_ぎゃぎゅぎぇぎょ.wav=ぎゅ,0,0,-0,0,0
_ぎゃぎゅぎぇぎょ.wav=ぎぇ,0,0,-0,0,0
_ぎゃぎゅぎぇぎょ.wav=ぎょ,0,0,-0,0,0
_くぁくぃくぇくぉ.wav=くぁ,0,0,-0,0,0
_くぁくぃくぇくぉ.wav=くぃ,0,0,-0,0,0
_くぁくぃくぇくぉ.wav=くぇ,0,0,-0,0,0
_くぁくぃくぇくぉ.wav=くぉ,0,0,-0,0,0
_ぐぁぐぃぐぇぐぉ.wav=ぐぁ,0,0,-0,0,0
_ぐぁぐぃぐぇぐぉ.wav=ぐぃ,0,0,-0,0,0
_ぐぁぐぃぐぇぐぉ.wav=ぐぇ,0,0,-0,0,0
_ぐぁぐぃぐぇぐぉ.wav=ぐぉ,0,0,-0,0,0
_にゃにゅにぇにょ.wav=にゃ,0,0,-0,0,0
_にゃにゅにぇにょ.wav=にゅ,0,0,-0,0,0
_にゃにゅにぇにょ.wav=にぇ,0,0,-0,0,0
_にゃにゅにぇにょ.wav=にょ,0,0,-0,0,0
_ひゃひゅひぇひょ.wav=ひゃ,0,0,-0,0,0
_ひゃひゅひぇひょ.wav=ひゅ,0,0,-0,0,0
_ひゃひゅひぇひょ.wav=ひぇ,0,0,-0,0,0
_ひゃひゅひぇひょ.wav=ひょ,0,0,-0,0,0
_びゃびゅびぇびょ.wav=びゃ,0,0,-0,0,0
_びゃびゅびぇびょ.wav=びゅ,0,0,-0,0,0
_びゃびゅびぇびょ.wav=びぇ,0,0,-0,0,0
_びゃびゅびぇびょ.wav=びょ,0,0,-0,0,0
_ぴゃぴゅぴぇぴょ.wav=ぴゃ,0,0,-0,0,0
_ぴゃぴゅぴぇぴょ.wav=ぴゅ,0,0,-0,0,0
_ぴゃぴゅぴぇぴょ.wav=ぴぇ,0,0,-0,0,0
_ぴゃぴゅぴぇぴょ.wav=ぴょ,0,0,-0,0,0
_みゃみゅみぇみょ.wav=みゃ,0,0,-0,0,0
_みゃみゅみぇみょ.wav=みゅ,0,0,-0,0,0
_みゃみゅみぇみょ.wav=みぇ,0,0,-0,0,0
_みゃみゅみぇみょ.wav=みょ,0,0,-0,0,0
_やゆいぇよてゅnR吸.wav=や,0,0,-0,0,0
_やゆいぇよてゅnR吸.wav=ゆ,0,0,-0,0,0
_やゆいぇよてゅnR吸.wav=いぇ,0,0,-0,0,0
_やゆいぇよてゅnR吸.wav=よ,0,0,-0,0,0
_やゆいぇよてゅnR吸.wav=てゅ,0,0,-0,0,0
_やゆいぇよてゅnR吸.wav=n R吸,0,0,-0,0,0
_りゃりゅりぇりょ.wav=りゃ,0,0,-0,0,0
_りゃりゅりぇりょ.wav=りゅ,0,0,-0,0,0
_りゃりゅりぇりょ.wav=りぇ,0,0,-0,0,0
_りゃりゅりぇりょ.wav=りょ,0,0,-0,0,0
_わうぃうぇうぉでゅ.wav=わ,0,0,-0,0,0
_わうぃうぇうぉでゅ.wav=うぃ,0,0,-0,0,0
_わうぃうぇうぉでゅ.wav=うぇ,0,0,-0,0,0
_わうぃうぇうぉでゅ.wav=うぉ,0,0,-0,0,0
_わうぃうぇうぉでゅ.wav=でゅ,0,0,-0,0,0
_んあんいんうんえんおんR.wav=ん,0,0,-0,0,0
_んあんいんうんえんおんR.wav=n あ,0,0,-0,0,0
_んあんいんうんえんおんR.wav=a ん,0,0,-0,0,0
_んあんいんうんえんおんR.wav=n い,0,0,-0,0,0
_んあんいんうんえんおんR.wav=i ん,0,0,-0,0,0
_んあんいんうんえんおんR.wav=n う,0,0,-0,0,0
_んあんいんうんえんおんR.wav=u ん,0,0,-0,0,0
_んあんいんうんえんおんR.wav=n え,0,0,-0,0,0
_んあんいんうんえんおんR.wav=e ん,0,0,-0,0,0
_んあんいんうんえんおんR.wav=n お,0,0,-0,0,0
_んあんいんうんえんおんR.wav=o ん,0,0,-0,0,0
_んあんいんうんえんおんR.wav=n R,0,0,-0,0,0
_んかきくけこkaR.wav=n k,0,0,-0,0,0
_んかきくけこkaR.wav=か,0,0,-0,0,0
_んかきくけこkaR.wav=a k,0,0,-0,0,0
_んかきくけこkaR.wav=き,0,0,-0,0,0
_んかきくけこkaR.wav=i k,0,0,-0,0,0
_んかきくけこkaR.wav=く,0,0,-0,0,0
_んかきくけこkaR.wav=u k,0,0,-0,0,0
_んかきくけこkaR.wav=け,0,0,-0,0,0
_んかきくけこkaR.wav=e k,0,0,-0,0,0
_んかきくけこkaR.wav=こ,0,0,-0,0,0
_んかきくけこkaR.wav=o k,0,0,-0,0,0
_んかきくけこkaR.wav=a R,0,0,-0,0,0
_んがぎぐげごgiR.wav=n g,0,0,-0,0,0
_んがぎぐげごgiR.wav=が,0,0,-0,0,0
_んがぎぐげごgiR.wav=a g,0,0,-0,0,0
_んがぎぐげごgiR.wav=ぎ,0,0,-0,0,0
_んがぎぐげごgiR.wav=i g,0,0,-0,0,0
_んがぎぐげごgiR.wav=ぐ,0,0,-0,0,0
_んがぎぐげごgiR.wav=u g,0,0,-0,0,0
_んがぎぐげごgiR.wav=げ,0,0,-0,0,0
_んがぎぐげごgiR.wav=e g,0,0,-0,0,0
_んがぎぐげごgiR.wav=ご,0,0,-0,0,0
_んがぎぐげごgiR.wav=o g,0,0,-0,0,0
_んがぎぐげごgiR.wav=i R,0,0,-0,0,0
_んさすぃすせそsuR.wav=n s,0,0,-0,0,0
_んさすぃすせそsuR.wav=さ,0,0,-0,0,0
_んさすぃすせそsuR.wav=a s,0,0,-0,0,0
_んさすぃすせそsuR.wav=すぃ,0,0,-0,0,0
_んさすぃすせそsuR.wav=i s,0,0,-0,0,0
_んさすぃすせそsuR.wav=す,0,0,-0,0,0
_んさすぃすせそsuR.wav=u s,0,0,-0,0,0
_んさすぃすせそsuR.wav=せ,0,0,-0,0,0
_んさすぃすせそsuR.wav=e s,0,0,-0,0,0
_んさすぃすせそsuR.wav=そ,0,0,-0,0,0
_んさすぃすせそsuR.wav=o s,0,0,-0,0,0
_んさすぃすせそsuR.wav=u R,0,0,-0,0,0
_んざずぃずぜぞzeR.wav=n z,0,0,-0,0,0
_んざずぃずぜぞzeR.wav=ざ,0,0,-0,0,0
_んざずぃずぜぞzeR.wav=a z,0,0,-0,0,0
_んざずぃずぜぞzeR.wav=ずぃ,0,0,-0,0,0
_んざずぃずぜぞzeR.wav=i z,0,0,-0,0,0
_んざずぃずぜぞzeR.wav=ず,0,0,-0,0,0
_んざずぃずぜぞzeR.wav=u z,0,0,-0,0,0
_んざずぃずぜぞzeR.wav=ぜ,0,0,-0,0,0
_んざずぃずぜぞzeR.wav=e z,0,0,-0,0,0
_んざずぃずぜぞzeR.wav=ぞ,0,0,-0,0,0
_んざずぃずぜぞzeR.wav=o z,0,0,-0,0,0
_んざずぃずぜぞzeR.wav=e R,0,0,-0,0,0
_んしゃししゅしぇしょsh.wav=n sh,0,0,-0,0,0
_んしゃししゅしぇしょsh.wav=しゃ,0,0,-0,0,0
_んしゃししゅしぇしょsh.wav=a sh,0,0,-0,0,0
_んしゃししゅしぇしょsh.wav=し,0,0,-0,0,0
_んしゃししゅしぇしょsh.wav=i sh,0,0,-0,0,0
_んしゃししゅしぇしょsh.wav=しゅ,0,0,-0,0,0
_んしゃししゅしぇしょsh.wav=u sh,0,0,-0,0,0
_んしゃししゅしぇしょsh.wav=しぇ,0,0,-0,0,0
_んしゃししゅしぇしょsh.wav=e sh,0,0,-0,0,0
_んしゃししゅしぇしょsh.wav=しょ,0,0,-0,0,0
_んしゃししゅしぇしょsh.wav=o sh,0,0,-0,0,0
_んじゃじじゅじぇじょj.wav=n j,0,0,-0,0,0
_んじゃじじゅじぇじょj.wav=じゃ,0,0,-0,0,0
_んじゃじじゅじぇじょj.wav=a j,0,0,-0,0,0
_んじゃじじゅじぇじょj.wav=じ,0,0,-0,0,0
_んじゃじじゅじぇじょj.wav=i j,0,0,-0,0,0
_んじゃじじゅじぇじょj.wav=じゅ,0,0,-0,0,0
_んじゃじじゅじぇじょj.wav=u j,0,0,-0,0,0
_んじゃじじゅじぇじょj.wav=じぇ,0,0,-0,0,0
_んじゃじじゅじぇじょj.wav=e j,0,0,-0,0,0
_んじゃじじゅじぇじょj.wav=じょ,0,0,-0,0,0
_んじゃじじゅじぇじょj.wav=o j,0,0,-0,0,0
_んたてぃとぅてとt.wav=n t,0,0,-0,0,0
_んたてぃとぅてとt.wav=た,0,0,-0,0,0
_んたてぃとぅてとt.wav=a t,0,0,-0,0,0
_んたてぃとぅてとt.wav=てぃ,0,0,-0,0,0
_んたてぃとぅてとt.wav=i t,0,0,-0,0,0
_んたてぃとぅてとt.wav=とぅ,0,0,-0,0,0
_んたてぃとぅてとt.wav=u t,0,0,-0,0,0
_んたてぃとぅてとt.wav=て,0,0,-0,0,0
_んたてぃとぅてとt.wav=e t,0,0,-0,0,0
_んたてぃとぅてとt.wav=と,0,0,-0,0,0
_んたてぃとぅてとt.wav=o t,0,0,-0,0,0
_んだでぃどぅでどd.wav=n d,0,0,-0,0,0
_んだでぃどぅでどd.wav=だ,0,0,-0,0,0
_んだでぃどぅでどd.wav=a d,0,0,-0,0,0
_んだでぃどぅでどd.wav=でぃ,0,0,-0,0,0
_んだでぃどぅでどd.wav=i d,0,0,-0,0,0
_んだでぃどぅでどd.wav=どぅ,0,0,-0,0,0
_んだでぃどぅでどd.wav=u d,0,0,-0,0,0
_んだでぃどぅでどd.wav=で,0,0,-0,0,0
_んだでぃどぅでどd.wav=e d,0,0,-0,0,0
_んだでぃどぅでどd.wav=ど,0,0,-0,0,0
_んだでぃどぅでどd.wav=o d,0,0,-0,0,0
_んちゃちちゅちぇちょch.wav=n ch,0,0,-0,0,0
_んちゃちちゅちぇちょch.wav=ちゃ,0,0,-0,0,0
_んちゃちちゅちぇちょch.wav=a ch,0,0,-0,0,0
_んちゃちちゅちぇちょch.wav=ち,0,0,-0,0,0
_んちゃちちゅちぇちょch.wav=i ch,0,0,-0,0,0
_んちゃちちゅちぇちょch.wav=ちゅ,0,0,-0,0,0
_んちゃちちゅちぇちょch.wav=u ch,0,0,-0,0,0
_んちゃちちゅちぇちょch.wav=ちぇ,0,0,-0,0,0
_んちゃちちゅちぇちょch.wav=e ch,0,0,-0,0,0
_んちゃちちゅちぇちょch.wav=ちょ,0,0,-0,0,0
_んちゃちちゅちぇちょch.wav=o ch,0,0,-0,0,0
_んつぁつぃつつぇつぉts.wav=n ts,0,0,-0,0,0
_んつぁつぃつつぇつぉts.wav=つぁ,0,0,-0,0,0
_んつぁつぃつつぇつぉts.wav=a ts,0,0,-0,0,0
_んつぁつぃつつぇつぉts.wav=つぃ,0,0,-0,0,0
_んつぁつぃつつぇつぉts.wav=i ts,0,0,-0,0,0
_んつぁつぃつつぇつぉts.wav=つ,0,0,-0,0,0
_んつぁつぃつつぇつぉts.wav=u ts,0,0,-0,0,0
_んつぁつぃつつぇつぉts.wav=つぇ,0,0,-0,0,0
_んつぁつぃつつぇつぉts.wav=e ts,0,0,-0,0,0
_んつぁつぃつつぇつぉts.wav=つぉ,0,0,-0,0,0
_んつぁつぃつつぇつぉts.wav=o ts,0,0,-0,0,0
_んなにぬねのneR吸.wav=n n,0,0,-0,0,0
_んなにぬねのneR吸.wav=な,0,0,-0,0,0
_んなにぬねのneR吸.wav=a n,0,0,-0,0,0
_んなにぬねのneR吸.wav=に,0,0,-0,0,0
_んなにぬねのneR吸.wav=i n,0,0,-0,0,0
_んなにぬねのneR吸.wav=ぬ,0,0,-0,0,0
_んなにぬねのneR吸.wav=u n,0,0,-0,0,0
_んなにぬねのneR吸.wav=ね,0,0,-0,0,0
_んなにぬねのneR吸.wav=e n,0,0,-0,0,0
_んなにぬねのneR吸.wav=の,0,0,-0,0,0
_んなにぬねのneR吸.wav=o n,0,0,-0,0,0
_んなにぬねのneR吸.wav=e R吸,0,0,-0,0,0
_んはひへほhoR.wav=n h,0,0,-0,0,0
_んはひへほhoR.wav=は,0,0,-0,0,0
_んはひへほhoR.wav=a h,0,0,-0,0,0
_んはひへほhoR.wav=ひ,0,0,-0,0,0
_んはひへほhoR.wav=i h,0,0,-0,0,0
_んはひへほhoR.wav=へ,0,0,-0,0,0
_んはひへほhoR.wav=e h,0,0,-0,0,0
_んはひへほhoR.wav=ほ,0,0,-0,0,0
_んはひへほhoR.wav=o h,0,0,-0,0,0
_んはひへほhoR.wav=o R,0,0,-0,0,0
_んばびぶべぼbiR吸.wav=n b,0,0,-0,0,0
_んばびぶべぼbiR吸.wav=ば,0,0,-0,0,0
_んばびぶべぼbiR吸.wav=a b,0,0,-0,0,0
_んばびぶべぼbiR吸.wav=び,0,0,-0,0,0
_んばびぶべぼbiR吸.wav=i b,0,0,-0,0,0
_んばびぶべぼbiR吸.wav=ぶ,0,0,-0,0,0
_んばびぶべぼbiR吸.wav=u b,0,0,-0,0,0
_んばびぶべぼbiR吸.wav=べ,0,0,-0,0,0
_んばびぶべぼbiR吸.wav=e b,0,0,-0,0,0
_んばびぶべぼbiR吸.wav=ぼ,0,0,-0,0,0
_んばびぶべぼbiR吸.wav=o b,0,0,-0,0,0
_んばびぶべぼbiR吸.wav=i R吸,0,0,-0,0,0
_んぱぴぷぺぽpaR吸.wav=n p,0,0,-0,0,0
_んぱぴぷぺぽpaR吸.wav=ぱ,0,0,-0,0,0
_んぱぴぷぺぽpaR吸.wav=a p,0,0,-0,0,0
_んぱぴぷぺぽpaR吸.wav=ぴ,0,0,-0,0,0
_んぱぴぷぺぽpaR吸.wav=i p,0,0,-0,0,0
_んぱぴぷぺぽpaR吸.wav=ぷ,0,0,-0,0,0
_んぱぴぷぺぽpaR吸.wav=u p,0,0,-0,0,0
_んぱぴぷぺぽpaR吸.wav=ぺ,0,0,-0,0,0
_んぱぴぷぺぽpaR吸.wav=e p,0,0,-0,0,0
_んぱぴぷぺぽpaR吸.wav=ぽ,0,0,-0,0,0
_んぱぴぷぺぽpaR吸.wav=o p,0,0,-0,0,0
_んぱぴぷぺぽpaR吸.wav=a R吸,0,0,-0,0,0
_んふぁふぃふふぇふぉf.wav=n f,0,0,-0,0,0
_んふぁふぃふふぇふぉf.wav=ふぁ,0,0,-0,0,0
_んふぁふぃふふぇふぉf.wav=a f,0,0,-0,0,0
_んふぁふぃふふぇふぉf.wav=ふぃ,0,0,-0,0,0
_んふぁふぃふふぇふぉf.wav=i f,0,0,-0,0,0
_んふぁふぃふふぇふぉf.wav=ふ,0,0,-0,0,0
_んふぁふぃふふぇふぉf.wav=u f,0,0,-0,0,0
_んふぁふぃふふぇふぉf.wav=ふぇ,0,0,-0,0,0
_んふぁふぃふふぇふぉf.wav=e f,0,0,-0,0,0
_んふぁふぃふふぇふぉf.wav=ふぉ,0,0,-0,0,0
_んふぁふぃふふぇふぉf.wav=o f,0,0,-0,0,0
_んまみむめもmuR吸.wav=n m,0,0,-0,0,0
_んまみむめもmuR吸.wav=ま,0,0,-0,0,0
_んまみむめもmuR吸.wav=a m,0,0,-0,0,0
_んまみむめもmuR吸.wav=み,0,0,-0,0,0
_んまみむめもmuR吸.wav=i m,0,0,-0,0,0
_んまみむめもmuR吸.wav=む,0,0,-0,0,0
_んまみむめもmuR吸.wav=u m,0,0,-0,0,0
_んまみむめもmuR吸.wav=め,0,0,-0,0,0
_んまみむめもmuR吸.wav=e m,0,0,-0,0,0
_んまみむめもmuR吸.wav=も,0,0,-0,0,0
_んまみむめもmuR吸.wav=o m,0,0,-0,0,0
_んまみむめもmuR吸.wav=u R吸,0,0,-0,0,0
_んらりるれろroR吸br.wav=n r,0,0,-0,0,0
_んらりるれろroR吸br.wav=ら,0,0,-0,0,0
_んらりるれろroR吸br.wav=a r,0,0,-0,0,0
_んらりるれろroR吸br.wav=り,0,0,-0,0,0
_んらりるれろroR吸br.wav=i r,0,0,-0,0,0
_んらりるれろroR吸br.wav=る,0,0,-0,0,0
_んらりるれろroR吸br.wav=u r,0,0,-0,0,0
_んらりるれろroR吸br.wav=れ,0,0,-0,0,0
_んらりるれろroR吸br.wav=e r,0,0,-0,0,0
_んらりるれろroR吸br.wav=ろ,0,0,-0,0,0
_んらりるれろroR吸br.wav=o r,0,0,-0,0,0
_んらりるれろroR吸br.wav=o R吸,0,0,-0,0,0
_んらりるれろroR吸br.wav=br,0,0,-0,0,0
